538.72998
545.78003
548.95001
542.03998
535.08002
543.03998
552.84003
551.15997
548.77002
561.39001
564.37
566.12
573.65997
557.46002
549.17999
542.91998
544.53003
532.73999
543.52002
541.03998
539.78003
548.64001
548.53998
548.02002
548.84003
544.85999
543.95001
541.31
549.48999
554.70001
561.14001
557.54999
563.64001
567
577.53998
565.37
564.95001
563.66998
566.15997
557.60999
561.64001
553
561.16998
555.69
559.84998
574.09998
572.90002
581.42999
578.33002
578.78998
575.02002
562.63
559.28998
547.33002
538.65002
535
541.79999
546.45001
542.65002
545.01001
551.15997
546.01001
538
540.15997
529.28003
533.88
529.83002
526.09998
533.29999
532.20001
537.54999
513.22998
512.42999
521.19
536.71997
541.95001
537.29999
520.39001
509.94
510.45999
504.01001
505.92999
501.79999
497.06
500.72
506.91
505.14999
506.64001
519.46002
529.54999
530.65997
535.28003
537.31
541.52002
536.92999
538.77002
532.29999
520.03998
514.62
506.45001
498.16
515.84003
521.51001
532.10999
528.03998
536.10999
530.72998
528.08002
542.58002
536.96997
538.59003
539.65002
549.08002
547.72998
549.22998
547.47998
545.89001
543.76001
547.20001
544.51001
546.64001
555.19
556.44
558.25
561.28998
558.22998
551.82001
551.69
555.95001
564.19
563.77002
567.87
560.27002
558.45001
558.94
549.88
548.90002
553.65002
542.69
538.03003
532.38
522.96997
536.91998
540.72998
548.69
544.75
555.19
570.81
583.73999
574.09998
587.78003
586.25
580.88
579.63
588.40997
587.81
587.90002
585.25
598.41998
591.17999
597.27002
605.40002
597.27002
593.28998
588.78003
581.64001
584.90002
591.10999
593.41998
591.96997
601.63
597.78003
593.14001
589.52002
588.63
582.35999
580.32001
583
588.12
590.57001
592.53998
592.41998
595.40997
597.10999
592.70001
583.71002
584.65002
584.56
572.12
577.25
577.94
571.81
574.48999
573.14001
582.27002
573.59998
579.54999
595.44
593.95001
599.02002
598.08002
603.01001
605.19
603.57001
598.44
605.10999
580.82001
590.62
593.06
594.26001
586.65002
580.03998
583.35999
578.40002
590.76001
593.08002
590.78003
591.48999
584.66998
585.69
584.77002
585.92999
572.53998
574.28998
566.52002
564.98999
560.65997
550.62
552.29999
560.34998
559.5
567.5
568.29999
570.72998
566.03003
564.92999
553.76001
554.51001
564.34003
571.65002
570.56
570.45001
574.87
563.79999
555.45001
549.70001
540.39001
538.83002
528.29999
529.12
534.40997
541.53998
538.42999
526.62
520.16998
518
522.57001
535.33002
533.87
538.53003
534.88
536.33002
522.97998
523.09998
534.44
537.51001
545.5
539.37
543.34003
563.90002
548.70001
545.20001
537.76001
546.69
567.03998
557.51001
540.63
545.25
571.5
1135.09998
1134.89001
1114.51001
1120.15002
1114.28003
1131.97009
1158.71997
1157.93005
1183.04004
1197.16003
1199.25
1211.26013
1192.1001
1172.80005
1189.06006
1207.30005
1199.98999
1211.57007
1214.79004
1219.60999
1218.26001
1214.91003
1202.69006
1215.65002
1219.20996
1220.16992
1220
1212.51001
1203.79004
1204.10999
1202.34009
1210.88
1202.80005
1199.90002
1186.69006
1190.17993
1172.93005
1177.44006
1159.95996
1143.20007
1138.16003
1133.43005
1180.96997
1135.39001
1106.92004
1123.01001
1101.2301
1123.82996
1160.09998
1165.02002
1163.70007
1150.53003
1156.21997
1148.62
1149.40002
1122.97998
1130.17993
1130.23999
1141.2301
1138.85999
1117.32007
1105
1113.12
1120.70996
1109.45996
1118.40002
1117.46008
1111.84009
1115.09998
1100.62
1086.21997
1084.75
1069.85999
1072.97998
1060.78992
1069.95996
1077.29004
1084.66003
1078.14001
1069.87
1057.34009
1058.18005
1053.26001
1054.47998
1059.58997
1063.10999
1058.41003
1045.92993
1031.89001
1034.07007
1022.31
1025.19995
1031.54993
1033.56006
1035.22998
1032.47009
1011.78003
1010.59003
1016.03003
1007.95001
1022.75006
1021.52002
1026.10999
1027.04004
1030.57996
1030.41992
1036.23999
1015
1015.20007
1025.54993
1031.40991
1007
1003.30005
1011.41003
888.79004
898.02997
882.01001
876.11005
871.98999
868.23999
855.86005
853.67004
865.74005
872.34998
876.09003
887.99005
887
875.91003
876.39001
878.16998
877.22998
886.84003
886.5
903.11005
898.39001
903.32001
886.11005
887.76001
889.07001
893.06006
896.19
888.67004
888.05005
879.58002
879.56
871.63
860.38
846.90002
855.42999
848.55005
850.14996
866.39001
870.20996
873.71002
869.33002
865.41998
865.65002
856.91003
859.65997
869.81
881.25
885.51001
890.40997
892.66003
890.65002
896.57001
905
906.57001
904.22003
887.75
890.92004
882.27002
885.35004
887.70001
902.89996
903.80005
910.70001
896.60004
910.68005
918.55005
919.60999
924.69
923.00006
920.23999
905.99005
905.23999
905.08997
893.49005
886.42999
882.31
887.88
880.37006
877.07001
873.65002
866.20001
869.78998
880.93005
884.73999
900.68005
900.62006
886.25
875.03998
877
871.97998
879.81
890.22003
879.72998
864.64001
859.70001
859.10004
867.63
871.22003
870.76001
868.31006
881.27002
873.32001
882.79004
889.41998
906.97003
908.53003
909.17999
903.87
915.89001
887.09998
877.52997
880.23004
871.48004
873.63
857.22998
861.54999
845.72003
829.60999
820.43005
824.57001
819.06
801.42004
809.10004
813.45001
807.89996
800.11005
799.87
765.91003
782.56
793.37006
781.92999
790.04999
790.38995
790.18005
777.64996
774.84998
783.05005
795.07001
806.20001
813.04004
801.19
794.19
802.65997
812.41998
809.64001
810.31
811.26001
814.71002
811.32001
807.78998
814.29999
821.54004
825.31006
827.60999
834.82001
831.52002
832.59998
831.38
838.60004
821.5
806.19
801.20001
799.77997
790.13
790.77002
799.71002
795.52997
792.46002
806.85004
792.88995
787.82001
782.85999
780.70001
782.41998
785.37006
773.95001
770.16998
765.73999
759.02002
775.60004
755.69
753.83002
753.68005
750.73004
753.67004
754.21002
741.5
702.87006
704.51001
711.32001
715.19
724.92999
723.25006
739.98999
741.48004
738.12006
733.30005
734.75
737.96997
723.67004
723.25006
707.38
700.01001
706.29004
708.87
709.5
715.63
722.35999
720.10999
721.07001
720.78003
701.96002
702.70001
697.56
696.88
685.41998
684.21002
691.13
687.82001
691.03003
695.25
698.37
691.89001
683.67004
670.71002
661.15002
667.96997
665.87006
669.96997
668.21002
647.17999
647.26001
652.54999
659.04999
665.90002
663.03003
652.28998
667.12
681.72003
682.95996
687.91998
687.58997
680.29999
675.14996
677.76001
677.29999
680.35004
678.67004
681.79004
695
755.48999
744.70001
740.98004
744.75
751.48004
744.56
744.09003
757.83997
767.64996
768.05005
762.5
756.98999
761.78003
754.5
756.5
753.46002
749.16003
749.38
733.98999
728.12
727.5
718.28003
709.97998
709.67999
706.04004
690.88
692.19
700.77002
706.15002
699.40002
680.72003
681.04004
685.08997
681.67999
688.01007
677.25
669.22003
678.63
676.79999
677.17999
669.51001
675.54004
677.14001
672.87
667.53998
668.66003
660.01001
642
642.34998
642.22998
640.53998
642.82001
641.33002
628.75
632.67999
632.96997
632.29999
634.96002
613.36005
607.98999
607.57001
615.51001
610.82001
593.06006
580.76001
576.73004
574.91998
576.52002
570.48004
571.19
581.70001
586.01001
585.98004
595.92004
587.82996
580.47003
580.07001
564.31
569.29999
564.67999
560.69995
571.48004
565.20996
577.51001
581.53003
570.85004
564.51001
559.04999
561.09003
565.09998
568.49994
580.45007
578.22998
580.57007
570.40997
578.59003
570.98004
580.86005
588.23004
594.34003
591.53003
603.66003
609.46002
600.80005
614.10999
600.39996
623.05005
628.92999
611.11005
604
605.22998
613.66003
609.15002
612.78998
607.54999
596.97003
611.02002
607.26001
604.42999
604.84998
614.97998
615.46997
609.71997
601.27002
597.59998
596.06006
599.29999
607.45001
609.57001
606.07001
624.59998
651.01001
635.96002
626.85999
630.84003
632.32001
635.14996
642.62
646.91998
641.24005
648.41003
655.76001
647.02002
649.33002
642.58997
646.05005
639.97998
633.49005
633.98004
625.03998
621.13
615.99005
617.77997
605.14996
600.25
607.14001
606.79999
604.96002
614.25
621.25
622.40002
618.25
618.38995
609.31
609.90002
606.11005
607.94
614
604.64001
606.52002
605.56
609.76001
612.20001
605.91003
611.46002
609.84998
606.77002
609.09003
596.33002
585.10999
580.83002
580.10999
577.69
579.97998
568.09998
569.48999
580.93005
585.51996
585.99005
639.57001
632.90997
628.58002
624.98999
629.64001
625.96002
623.13995
622.46002
650.02002
659.01001
668.27997
665.40997
645.90002
642.40002
639.70001
640.25006
633.14001
629.70001
625.81995
630.37
621.83002
625.96002
619.53998
618.07001
625.63007
625.38995
627.41998
616.05005
623.39001
623.77002
625.65002
620.35999
613.77002
599.39001
582.93005
588.19006
563
570.10999
580
580.94
594.88
600.87006
611.47003
616.56
613.00006
608.35004
595.08002
600.95001
612.34003
608.33002
596.14001
597.5
584.82001
578.65002
592.64001
600.14001
598.67004
586.31
583.15997
596.42004
590.48999
583.67004
580.69995
590.51001
582.40997
591.67999
558.98999
548.49994
543.17999
537.16998
515.12
514.71002
504.70001
501.89999
495.52002
515.03998
527.5
528.84003
539.34003
531.89001
525.51001
520.65997
539.20001
546.63
546.67004
546.67999
542.56
532.07001
529.52002
530.12
524.84998
534.96002
534.03003
522.17999
524.84003
532.5
540.96002
540.69995
539.08002
526.85999
520.03998
523.29004
518.82001
498.17001
490.92001
504.88
533.14996
539
557.22998
563.77002
562.13
549.01001
573.41003
546.02002
579.04004
577.52002
601.17004
592.40002
606.77002
603.69
610.94
607.21997
622.52002
618.98004
618.22998
606.98999
595.34998
602.54999
594.94
597.62
528.94
538.26001
534.01001
527.28003
531.98999
546.60004
535.35999
532.44
521.03003
506.38
497.57001
493.64999
482.80002
474.88
480.22003
487.01001
493
484.58002
485.01999
500.37003
502.95001
508.37
504.73001
509.51001
516.73004
519.17004
519.03003
521.06006
523.07996
528.06
525.59998
529.02002
520.90002
518.13
519.66998
518.26001
518.38995
524.03003
531.25
529.81
530.46002
518.42004
529.54999
535.04999
535.45001
542.65997
537.67999
535.29999
534.27002
535.78998
533.89001
538.56006
544.10004
537.96997
537.76001
532.82001
525.04999
525.09998
525.73004
521.53003
526.84003
530.70001
578.50995
576.28003
570.60999
577.37
578.16003
580
574.17999
569.09003
587.67999
591.79999
586.76001
581.84003
581.73004
575.35999
579.73999
586.89001
582.15997
577.32001
576.5
561.06006
561.36005
557.09998
569.56
569.98999
576.71002
580.29999
591.77002
592.31
591.66003
600.62
609.56
600.79004
600.76001
613.40002
610.03998
608.82001
611.32001
610.20996
630.08002
625.26001
624.22003
624.15002
628.15002
624.5
616.44
616.5
618.38
614.29004
610.98004
610.14996
612
611.04004
600.35999
600.99005
616.79004
616.5
619.90997
611.08002
611.83002
626.77002
631.75
639.63
624.17999
616.69
616.87
616.01001
614.21002
616.44
613.5
609.07001
602.12
604.35004
593.97003
598.86005
601
598.92004
602.38
604.23004
605.49005
603.07007
595.06
590.80005
591.71002
590.30005
594.90997
594.62
592.21002
591.5
590.54004
587.14001
578.36005
573.00006
571.82001
564.35004
555.70996
582.10999
590
594.96997
583.01007
591.22003
590.83002
596.56
583.55005
583.72003
595.46997
603.29004
617.19
622.88
624.82001
626.77002
625.08002
624.27002
620.17999
615.60004
615
613.70001
618.58002
616.47003
618.60004
616.5
612.52997
611.98999
607.97998
607.82996
617.70996
601.45001
540.93005
543.29999
541.39001
538.84003
536.35004
530.01001
534.35004
538.22998
522.34998
525.62
525.79004
527.69
527.16998
530.40997
527.28998
513.48004
516.00006
513.46002
508.28
490.14999
481.06
480.64001
480.43002
482.26999
476.13998
476.17999
470.58002
464.40002
470.30002
463.18002
460.33002
450.02002
452.69
458.82999
450.98001
454.62
451.38998
464.07001
462.02002
467.97
482.14999
490.52002
485.59
486.35004
492.01001
491.74002
503.71002
505.35001
500.22003
508.10001
506.32001
489.82999
490.41
484.85001
484.99002
484.35001
492.63
488.97003
490.06003
484.81
477.5
481.59003
466.17999
459.61002
494.02002
491.34003
489.19998
475.83002
467.48999
456.56003
450.20001
436.07001
436.54999
439.49002
444.94998
454.26001
472.08002
472.68002
475.10004
482.05002
486.25
488.56
500.03003
500.07999
501.27002
497.99002
483.19
488.5
487.01001
474.02002
484.78
485.52002
498.72
505.60001
493.37
482.37003
485.63
490.46002
475.47
477.07001
477.16
472.05002
475.00998
494.43002
498.37
507.97
507.53
510.88
505.39001
509.05002
521.65002
493.14001
498.66998
509.76004
506.37003
530.60004
525.69995
532
529.19
529.06
531.64001
544.98999
547.06
554.29999
555.03998
550.09998
550.14996
595.29999
589
586.77002
572.72998
566.22003
567.48999
563.54004
568.21997
571.01001
568.80005
567.12
566.71002
562.45001
562.69
562.88
557.33002
549
557.5
560
566.40002
565.56
565.20001
563.17999
579.53998
581.14001
576.45001
560.19
562.47998
564.21002
554.59003
545.32001
541.06006
532.69
526.79999
526.42999
531.47003
535.07001
542.79999
540.75995
543.21997
538.20996
541.30005
533.12006
536.40002
534.45001
536.44
533.47003
531.29004
526.78003
540.82001
531.12006
533.02002
529.94
534.29004
542.09998
542.41998
540
550.01001
582.97998
580.41003
587.62
580
589.84998
587.09003
590.48004
601.11005
602.02002
594.10004
608.25995
623.98999
626.75
619.97998
622.72998
619.40002
622.87006
618.48004
611.67999
601.12006
598.68005
596.42004
593.94
597.76001
593.14001
595.72998
590.51001
591.5
589.02002
587.04999
586.25
585.01001
585.73999
587.51001
589.87
583
579.76001
585.73999
583.09003
582.34998
569.96002
572.98999
576.65002
577.48999
576.28003
572.04999
567.84998
570.56006
566.76001
562.51001
551.10004
548.65002
540.32996
537.28998
533.98999
536.12006
551.05005
540.29999
548.29004
554.21002
553.69
554.09003
551.10004
551.72003
552.09003
549.84998
529.90997
535.32001
526.11005
524.04004
516.25
514.17999
517.53998
498.73999
488.51999
484.58002
487.20001
495.85001
498.53
498.53
492.48001
496.77002
498.45999
499.06003
497
491.46002
491.72
488.29001
477.54001
475.12003
472.14001
470.94
463.97003
458.62
461.29999
457.51999
453.01001
455.76001
461.67001
464.75
466.06
467.99997
471.37
468.72998
465.23999
460.41
443.97003
445.28
444.88998
460
462.28
458.57999
453.94003
456.60999
457.10001
450.36002
451.14001
453.72998
452.20999
443.05002
445.64001
436.23999
439.85004
444.79999
446.71997
437.34
427.69003
427.89999
430.16998
430.25003
442.60001
438.17001
424.69
424.30002
414.40002
410.39001
402.49002
396.62997
409.61002
408.48999
418.98999
421.59003
424.14001
425.31998
415.77002
409.29001
405.68002
407.35001
420.09003
414.06003
415.16003
416
416.77002
424.84
429
432.60004
435.62
438.76999
444.32001
440.28003
431.65002
428.39999
426.56
417.23001
410.40002
405.56
404.36002
393.5
396.50003
397.17999
398.88
396.84
390.00003
387.5
389.54001
399.00998
407.97998
407.32999
396.60999
403.47
402.99002
401.98001
393.69
395.97
391.47
383.70999
385.95001
389.49002
384.69
383.85999
381.47003
379.30002
392.23999
388.73999
379.5
368.91
378.11002
372.50003
362
358.64999
368.24002
369.78
362.5
354.09
348.06
342.69003
347.69998
353.29001
344.07001
347.17001
348.60001
330.16003
329.94003
333.10001
335.34003
319.69
324.42001
323.53
317.90997
308.17001
290.89001
308.57001
305.64001
318.91998
325.47998
327.16
337.98999
337.17999
341.64001
345.45001
330.06003
346.45001
342.63998
353.11002
342.66
357.67999
363.05002
358.04001
358.51001
378.76999
371.28003
353.72
343
340.45001
340.57001
338.53
343.32001
348.66998
331.48001
323.87003
324.70001
306.5
303.08002
282.75003
299.67001
298.98999
300.97
314.32001
312.69
315.07001
325.19003
322.01001
334.06003
328.05002
321.32001
307.64999
303.11002
297.42001
300.36002
302.95001
298.02002
297.11002
310.16998
310.28003
315.24002
325.28
310.67001
315.76001
300.22
308.82001
305.97
302.11002
283.99002
274.34003
279.42999
275.10999
265.98999
292.96002
292.09
282.05002
257.44
262.42999
259.56
280.17999
297.42001
300.12
310.02002
312.08002
291
311.46002
318.78
331.13998
331.22003
342.23999
366.94
346.49002
359.36002
359.69
358
368.75
329.49002
339.28998
352.32001
355.67001
362.75003
379.32001
372.54004
353.02002
339.16998
362.71002
381.01999
332
328.97998
338.10999
346.01001
371.20999
386.91
390.49002
411.72
400.52002
381
431.04001
439.60001
435.10999
429.27002
430.14001
449.15002
439.08002
414.49002
442.93002
433.86002
437.66003
433.75
414.16
418.66
419.95001
444.25
450.26001
464.41
465.25003
463.29001
473.78003
468.57999
474.16
483.01001
490.59
486.53003
485
490.5
498.30002
510.15002
505.49002
500.03003
502.61002
500.84
495.00998
479.12003
486.34
479.85004
463
467.85999
473.75
482.69998
483.11002
477.12
491.98001
475.62
489.21997
477.11002
468.79999
481.32001
533.44
535.60004
516.09003
521.62
533.80005
540.57007
541.54999
554.53003
543.91003
537
527.03998
534.72998
526.42004
528.07001
528.82001
551
542.29999
545.20996
546.42999
560.20001
562.38
569.46002
572.81
571.51001
552.95001
545.20001
554.17004
557.87
567
586.30005
572.21997
567.29999
575
585.79999
583
568.23999
560.90002
544.62
549.46002
549.98999
578.60004
577.52002
580.07001
581
576.30005
583
584.94
573.20001
583.01007
579
586.36005
594.90002
581.29004
593.08002
574.29004
558.46997
552.12
544.06
543.03998
546.48999
555
537.78998
539.41003
449.54001
455.03
446.84
451.66
457.44998
469.07999
464.19
467.81003
476.82001
471.09
455.12003
465.70001
465.71002
440.47
438.08002
444.07999
458.19
450.78
460.56
433.54999
432
439.16
419.87003
437.92001
443.01001
440.17999
439.84
413.62
433.35001
432.70001
447.69998
444.60001
457.02002
471.18002
475.39001
472.86002
464.19
486.44
507.79999
502.86002
509
508.95001
529.64001
532.25
534.62
518.08997
521.16003
516.69
504.95001
501.71002
506.80002
495.43002
515.90002
564.29999
548.27002
550.52002
555.98004
566.40002
574.48999
548.62006
584.35004
600.25
600.79004
615.95001
637.64996
653.82001
638.25
646.73004
653.20001
631.67999
649.25
657
685.32996
685.19
691.48004
702.52997
700.74005
710.84003
700.73004
696.69
689.69
677.37
673.35004
669.23004
689.96002
694.04999
699.35004
699.20001
718.42004
714.87
715.26001
698.51001
684.16003
681.53003
693.00006
697
692.26001
673.57001
666
676.70001
660.51996
648.54004
625.85004
633.63
629.65002
641.67999
660.55005
632.07001
663.97003
693.84003
732.94006
741.79004
725.65002
711.25
703.21002
707
694.77002
679.22998
674.59998
668.51001
675.82001
675.76996
650.75006
644.71002
639.62
633.48004
616
620.10999
637.39001
622
625.38995
615.17999
609.62
594.04999
579.03003
584.02002
584.39001
582.54999
567.27002
567.5
568.15997
569
568.01996
560.09998
552.82996
546.85004
535.26996
525.29999
528.75
524.78003
522.64996
521.33002
514.47998
519.35004
523.52002
527.79999
525.14996
515.25
511.40002
512.88
506.39999
513.26001
515
512.19
512.75
506.61002
497.92001
500.03998
491.52002
497.54999
508.60001
515.5
515.75
514.72998
525.77997
516.02002
510.00003
503
511.01001
512.94
510.00003
516.11005
511.89001
508
509.76004
514
512.51001
520.12
548.59003
549.5
555
552.98999
552.15997
545.32996
544.47003
543.33997
542.56
539.40002
541.63
534.34003
530.38007
522.70001
525.01001
526.29004
530.26001
527.41998
524.97998
514.10999
509.97
514.31
515.20001
505.89001
502.84003
505.23999
504.76999
511.34003
515.48999
515.06
518.25
518.84003
507.07001
500.40002
497.90997
498.60001
487.11002
483.51999
474.33002
473.97
475.86002
470.60001
470.32001
470.95999
472.60999
458
461.78
466.74002
461.47003
469.25
466.81
467.26999
471.12003
473.23001
465.78
469
471.38004
479.00998
481.17999
477.98999
477.53
479.08002
482.47998
471.65002
476.01001
472.80002
474.27002
466.29004
467.38998
464.53
466.5
468.21002
471.51001
471.01999
472.60004
458.53
458.16
460.92001
461.88
463.62
465
461.83002
462.04001
456.54999
445.28
447.23001
440.85001
446.19
447.99997
443.03
454.75
452.96002
454.72
455.64001
457.54999
440.95001
438.67999
448.23001
449.45001
448.76999
464.92999
470.62
475.85001
475.86002
472.10001
469.94003
461.47003
465.92999
459.10001
458.29001
461.89001
471.03
470.00998
471.48001
467.16
481.50003
481.75
501.50003
494.32001
492.47
495.84
488.09
499.06998
479.04999
480.84
489.75
487.83002
497.28
504.28
505
499.72
489.46002
485.5
483.57999
487.19
483.26001
467.59003
460.48001
462.56
468.03
457.53
455.58002
456.19998
462.90002
468.63
462.80002
480.30002
482.12
478.98999
481.78
483.93002
484.11002
482.63998
488.70999
487
484.85001
480.80002
484.81
484.64999
489.5
484.75
505
508.01001
509.64999
495.04999
498.78998
495.89999
491.93002
489.30002
481.03
473.54999
472.63
475.00003
472.57001
476.95001
471.80002
469.91
467.5
476.38998
476.56998
475.20001
485.10001
486.59998
473.31
480.78
459.67001
426.06
419.30997
420.64001
421.75
427.29999
427.44
426.5
426.65002
429
420.5
411.81
415.70001
404.03998
401.44
401.90002
403.57999
402.92001
406.87003
403.97998
403.78
406.85001
397
403.81003
414.69
409.88004
403.97998
406.57001
391.90002
384.09003
377.84998
378.48999
380.13998
384.36002
378.60001
378.53
380.75
378.94998
380.95001
373.26001
373.73001
373.42999
378.29001
377.29999
383.36002
385.80002
387.72
380.97
369.43002
368.5
374.20001
376.94
381
377.94998
373.85001
375.38998
367.23001
375.51001
386.59998
388.12003
382.39999
385.5
389.35999
390.89999
390.10999
387.12
399.00003
403.05002
407.89001
403.5
408.82999
417.25
424.56
418.20001
420.45001
423.19
421.45999
423.20001
419.32999
417.81
406.10999
402.32001
404.22
404.85999
399.95001
402.13
387.17001
388.14001
390.70001
391
384.39001
386.51999
381.53998
386.57001
393.30002
386.51001
389.98999
374.44
379.44
382.62
371.82001
371.94
381.35004
382.99002
381.25003
375.58002
370.95001
370.02002
370.98999
374.5
371.30002
376.19998
374.12997
387
402.98001
408.79999
394.78
394.30002
394.75
394.17001
394.79999
398.89999
417.94
420.03003
425.97
427.16
440.5
437.10001
415
410.5
404.24002
406.82001
402.16
408.95001
409.66
416.38004
406.16
411.18002
407.99002
404.34
389.70001
390.00003
388.44
394.98001
377.20001
369.69
365.80002
341.89001
340.22
339.91998
348.19
339.79001
338.76999
344.5
351.16
337.06
337.5
343
353.88004
364.45001
368.09998
378.18002
376.44998
364.79999
362.62
390.38
377.39999
378.06998
365.49002
366.59003
368.75
366.45999
342.38
343.32001
345.70001
362.61002
358.76999
369.07999
367.91998
385.10001
381.55002
396.04001
401.78
432.66003
426.82001
433.48999
434.27002
433
443.03
427.5
399.46002
436.44998
444.91
467.11002
466.25
463.63
471.63
469.76004
466.90002
465.66
451.24002
445.23999
435.22998
414.85999
420.15002
426.69
424.64001
430.92999
432.04001
426.33002
429.73999
424.60001
430.14999
422.55002
418.96002
417.48999
412.60999
409.19998
410.65002
404.22
404.54001
405.85001
417.70001
414.09
404.91
403.54001
423.48001
428.62
422.86002
416.47
409.35999
400.21002
403.45001
398.15002
392.80002
396.97
390.40002
391.10001
379.14999
389.90002
395.03
390.43002
385.95001
379.67999
379.38
372.14001
358.17001
353.06
355.44
346.91
348.64999
339.89999
303.20001
308.70001
303.28
305
296.13998
297.44
300.97
306.10001
310.65002
312.99002
312.75
310.71002
311
318.67999
316.46002
309.62
306
313.94003
314.28
315.36002
311.37
311.90002
307.91
303.79001
300.19998
302.62
303
311.68002
309.73999
299.09
295.38998
294.87
287.11002
288.45001
286.25
286
287.26999
288.45001
283.57999
282.59003
282.57004
279.58002
274.00998
280
279.99002
285.10001
285.65002
284
289.72
284.05002
285.68002
291.56998
291.25
292.35001
297.72998
297.29999
299.18997
291.60999
287.75998
293.5
296.93002
296.09
295.85001
302.39999
313.94003
312
309.89999
299.54001
301.19
300.89001
298.85999
291.78003
293.35001
296.23001
295.54001
291.52002
295.71002
291.25
294.14999
292.72003
302
304.09998
297.25
289.70999
289.29999
287.84
286.69998
280.29999
277.44
274.79999
278.35001
282.75003
282.5
286.31
279.56
293.12003
290.94
280.25998
287.89999
287.99997
277.26999
266
259.20001
260.81
256
255.45
241.61
239.18001
239.16
233.12999
231.05
229.24001
228.72
231.28999
227.79999
226.02
228.02
226.98
228.49998
226.19002
222.29002
220
219.45
219.78
218.75
223.53
215.81
204.22
198.09999
191.40001
186.97002
185
191.45001
192.93001
193.96001
193.23
192.04999
193.76001
189.21999
188.57001
185.29001
180.03999
180.51001
180.45001
179.56999
181.42
179.24998
178.98001
178.60001
180.88
180.03999
179.28999
175.60002
178.60999
174.99001
177.8
179.98
181.35001
185.2
188.81
185.89999
187.01001
185.17999
186.06
187.99001
185.87001
188.89001
193.95
191.37
197.95
197.90001
198.40999
195.23
192.99001
187.39999
187.98
191.58
198.64
196.03
204.36
210.86
205.95999
191.90001
195.62001
190.34001
188.08
189.23999
177.12001
180.72
188.28
193.92001
197.3
203.89999
199.97002
195.32999
195.38
193.54001
195.06001
193.84999
188.55
193.51001
194.50002
202.71001
192.79001
197.60001
192.90001
192.76001
191.91
187.89999
186.3
183.75002
185.02
180.08
176.46999
179.78
178.69
170.45
171.65001
173.43001
169.98001
171.42999
176.28999
180.40001
179.39999
179.95999
181.98
181.05002
179.39
174.76001
167.52
165.09999
169.39999
167.53999
172.50002
172.54001
184.87
182
183.02
167.85999
168.7
172.55
169.35001
184.7
191.67
194.87
196.03
190.64001
193.3
185.97
181.8
187.39999
172.42999
149.38
140.49002
147.93999
149.15999
144.11
142
140.90001
137.39999
135.26001
137.73
138.84999
137.08
138.37
135.06001
132.58002
129.59999
131.08002
126.85999
118.26
119.82999
120.82
118.38
117.84
119.36
117.48999
113.97
112.00001
111.49
107.49999
105.33001
102.31001
102.3
101.58
100.01002
101.51001
100.25001
102.37001
102.01001
106.15001
107.91
106
104.87001
109.39999
108.31001
100.34
--END--
