538.72998
545.78003
548.95001
542.03998
535.08002
543.03998
552.84003
551.15997
548.77002
561.39001
564.37
566.12
573.65997
557.46002
549.17999
542.91998
544.53003
532.73999
543.52002
541.03998
539.78003
548.64001
548.53998
548.02002
548.84003
544.85999
543.95001
541.31
549.48999
554.70001
561.14001
557.54999
563.64001
567
577.53998
565.37
564.95001
563.66998
566.15997
557.60999
561.64001
553
561.16998
555.69
559.84998
574.09998
572.90002
581.42999
578.33002
578.78998
575.02002
562.63
559.28998
547.33002
538.65002
535
541.79999
546.45001
542.65002
545.01001
551.15997
546.01001
538
540.15997
529.28003
533.88
529.83002
526.09998
533.29999
532.20001
537.54999
513.22998
512.42999
521.19
536.71997
541.95001
537.29999
520.39001
509.94
510.45999
504.01001
505.92999
501.79999
497.06
500.72
506.91
505.14999
506.64001
519.46002
529.54999
530.65997
535.28003
537.31
541.52002
536.92999
538.77002
532.29999
520.03998
514.62
506.45001
498.16
515.84003
521.51001
532.10999
528.03998
536.10999
530.72998
528.08002
542.58002
536.96997
538.59003
539.65002
549.08002
547.72998
549.22998
547.47998
545.89001
543.76001
547.20001
544.51001
546.64001
555.19
556.44
558.25
561.28998
558.22998
551.82001
551.69
555.95001
564.19
563.77002
567.87
560.27002
558.45001
558.94
549.88
548.90002
553.65002
542.69
538.03003
532.38
522.96997
536.91998
540.72998
548.69
544.75
555.19
570.81
583.73999
574.09998
587.78003
586.25
580.88
579.63
588.40997
587.81
587.90002
585.25
598.41998
591.17999
597.27002
605.40002
597.27002
593.28998
588.78003
581.64001
584.90002
591.10999
593.41998
591.96997
601.63
597.78003
593.14001
589.52002
588.63
582.35999
580.32001
583
588.12
590.57001
592.53998
592.41998
595.40997
597.10999
592.70001
583.71002
584.65002
584.56
572.12
577.25
577.94
571.81
574.48999
573.14001
582.27002
573.59998
579.54999
595.44
593.95001
599.02002
598.08002
603.01001
605.19
603.57001
598.44
605.10999
580.82001
590.62
593.06
594.26001
586.65002
580.03998
583.35999
578.40002
590.76001
593.08002
590.78003
591.48999
584.66998
585.69
584.77002
585.92999
572.53998
574.28998
566.52002
564.98999
560.65997
550.62
552.29999
560.34998
559.5
567.5
568.29999
570.72998
566.03003
564.92999
553.76001
554.51001
564.34003
571.65002
570.56
570.45001
574.87
563.79999
555.45001
549.70001
540.39001
538.83002
528.29999
529.12
534.40997
541.53998
538.42999
526.62
520.16998
518
522.57001
535.33002
533.87
538.53003
534.88
536.33002
522.97998
523.09998
534.44
537.51001
545.5
539.37
543.34003
563.90002
548.70001
545.20001
537.76001
546.69
567.03998
557.51001
540.63
545.25
571.5
1135.09998
1134.89001
1114.51001
1120.15002
1114.28003
1131.97009
1158.71997
1157.93005
1183.04004
1197.16003
1199.25
1211.26013
1192.1001
1172.80005
1189.06006
1207.30005
1199.98999
1211.57007
1214.79004
1219.60999
1218.26001
1214.91003
1202.69006
1215.65002
1219.20996
1220.16992
1220
1212.51001
1203.79004
1204.10999
1202.34009
1210.88
1202.80005
1199.90002
1186.69006
1190.17993
1172.93005
1177.44006
1159.95996
1143.20007
1138.16003
1133.43005
1180.96997
1135.39001
1106.92004
1123.01001
1101.2301
1123.82996
1160.09998
1165.02002
1163.70007
1150.53003
1156.21997
1148.62
1149.40002
1122.97998
1130.17993
1130.23999
1141.2301
1138.85999
1117.32007
1105
1113.12
1120.70996
1109.45996
1118.40002
1117.46008
1111.84009
1115.09998
1100.62
1086.21997
1084.75
1069.85999
1072.97998
1060.78992
1069.95996
1077.29004
1084.66003
1078.14001
1069.87
1057.34009
1058.18005
1053.26001
1054.47998
1059.58997
1063.10999
1058.41003
1045.92993
1031.89001
1034.07007
1022.31
1025.19995
1031.54993
1033.56006
1035.22998
1032.47009
1011.78003
1010.59003
1016.03003
1007.95001
1022.75006
1021.52002
1026.10999
1027.04004
1030.57996
1030.41992
1036.23999
1015
1015.20007
1025.54993
1031.40991
1007
1003.30005
1011.41003
888.79004
898.02997
882.01001
876.11005
871.98999
868.23999
855.86005
853.67004
865.74005
872.34998
876.09003
887.99005
887
875.91003
876.39001
878.16998
877.22998
886.84003
886.5
903.11005
898.39001
903.32001
886.11005
887.76001
889.07001
893.06006
896.19
888.67004
888.05005
879.58002
879.56
871.63
860.38
846.90002
855.42999
848.55005
850.14996
866.39001
870.20996
873.71002
869.33002
865.41998
865.65002
856.91003
859.65997
869.81
881.25
885.51001
890.40997
892.66003
890.65002
896.57001
905
906.57001
904.22003
887.75
890.92004
882.27002
885.35004
887.70001
902.89996
903.80005
910.70001
896.60004
910.68005
918.55005
919.60999
924.69
923.00006
920.23999
905.99005
905.23999
905.08997
893.49005
886.42999
882.31
887.88
880.37006
877.07001
873.65002
866.20001
869.78998
880.93005
884.73999
900.68005
900.62006
886.25
875.03998
877
871.97998
879.81
890.22003
879.72998
864.64001
859.70001
859.10004
867.63
871.22003
870.76001
868.31006
881.27002
873.32001
882.79004
889.41998
906.97003
908.53003
909.17999
903.87
915.89001
887.09998
877.52997
880.23004
871.48004
873.63
857.22998
861.54999
845.72003
829.60999
820.43005
824.57001
819.06
801.42004
809.10004
813.45001
807.89996
800.11005
799.87
765.91003
782.56
793.37006
781.92999
790.04999
790.38995
790.18005
777.64996
774.84998
783.05005
795.07001
806.20001
813.04004
801.19
794.19
802.65997
812.41998
809.64001
810.31
811.26001
814.71002
811.32001
807.78998
814.29999
821.54004
825.31006
827.60999
834.82001
831.52002
832.59998
831.38
838.60004
821.5
806.19
801.20001
799.77997
790.13
790.77002
799.71002
795.52997
792.46002
806.85004
792.88995
787.82001
782.85999
780.70001
782.41998
785.37006
773.95001
770.16998
765.73999
759.02002
775.60004
755.69
753.83002
753.68005
750.73004
753.67004
754.21002
741.5
702.87006
704.51001
711.32001
715.19
724.92999
723.25006
739.98999
741.48004
738.12006
733.30005
734.75
737.96997
723.67004
723.25006
707.38
700.01001
706.29004
708.87
709.5
715.63
722.35999
720.10999
721.07001
720.78003
701.96002
702.70001
697.56
696.88
685.41998
684.21002
691.13
687.82001
691.03003
695.25
698.37
691.89001
683.67004
670.71002
661.15002
667.96997
665.87006
669.96997
668.21002
647.17999
647.26001
652.54999
659.04999
665.90002
663.03003
652.28998
667.12
681.72003
682.95996
687.91998
687.58997
680.29999
675.14996
677.76001
677.29999
680.35004
678.67004
681.79004
695
755.48999
744.70001
740.98004
744.75
751.48004
744.56
744.09003
757.83997
767.64996
768.05005
762.5
756.98999
761.78003
754.5
756.5
753.46002
749.16003
749.38
733.98999
728.12
727.5
718.28003
709.97998
709.67999
706.04004
690.88
692.19
700.77002
706.15002
699.40002
680.72003
681.04004
685.08997
681.67999
688.01007
677.25
669.22003
678.63
676.79999
677.17999
669.51001
675.54004
677.14001
672.87
667.53998
668.66003
660.01001
642
642.34998
642.22998
640.53998
642.82001
641.33002
628.75
632.67999
632.96997
632.29999
634.96002
613.36005
607.98999
607.57001
615.51001
610.82001
593.06006
580.76001
576.73004
574.91998
576.52002
570.48004
571.19
581.70001
586.01001
585.98004
595.92004
587.82996
580.47003
580.07001
564.31
569.29999
564.67999
560.69995
571.48004
565.20996
577.51001
581.53003
570.85004
564.51001
559.04999
561.09003
565.09998
568.49994
580.45007
578.22998
580.57007
570.40997
578.59003
570.98004
580.86005
588.23004
594.34003
591.53003
603.66003
609.46002
600.80005
614.10999
600.39996
623.05005
628.92999
611.11005
604
605.22998
613.66003
609.15002
612.78998
607.54999
596.97003
611.02002
607.26001
604.42999
604.84998
614.97998
615.46997
609.71997
601.27002
597.59998
596.06006
599.29999
607.45001
609.57001
606.07001
624.59998
651.01001
635.96002
626.85999
630.84003
632.32001
635.14996
642.62
646.91998
641.24005
648.41003
655.76001
647.02002
649.33002
642.58997
646.05005
639.97998
633.49005
633.98004
625.03998
621.13
615.99005
617.77997
605.14996
600.25
607.14001
606.79999
604.96002
614.25
621.25
622.40002
618.25
618.38995
609.31
609.90002
606.11005
607.94
614
604.64001
606.52002
605.56
609.76001
612.20001
605.91003
611.46002
609.84998
606.77002
609.09003
596.33002
585.10999
580.83002
580.10999
577.69
579.97998
568.09998
569.48999
580.93005
585.51996
585.99005
639.57001
632.90997
628.58002
624.98999
629.64001
625.96002
623.13995
622.46002
650.02002
659.01001
668.27997
665.40997
645.90002
642.40002
639.70001
640.25006
633.14001
629.70001
625.81995
630.37
621.83002
625.96002
619.53998
618.07001
625.63007
625.38995
627.41998
616.05005
623.39001
623.77002
625.65002
620.35999
613.77002
599.39001
582.93005
588.19006
563
570.10999
580
580.94
594.88
600.87006
611.47003
616.56
613.00006
608.35004
595.08002
600.95001
612.34003
608.33002
596.14001
597.5
584.82001
578.65002
592.64001
600.14001
598.67004
586.31
583.15997
596.42004
590.48999
583.67004
580.69995
590.51001
582.40997
591.67999
558.98999
548.49994
543.17999
537.16998
515.12
514.71002
504.70001
501.89999
495.52002
515.03998
527.5
528.84003
539.34003
531.89001
525.51001
520.65997
539.20001
546.63
546.67004
546.67999
542.56
532.07001
529.52002
530.12
524.84998
534.96002
534.03003
522.17999
524.84003
532.5
540.96002
540.69995
539.08002
526.85999
520.03998
523.29004
518.82001
498.17001
490.92001
504.88
533.14996
539
557.22998
563.77002
562.13
549.01001
573.41003
546.02002
579.04004
577.52002
601.17004
592.40002
606.77002
603.69
610.94
607.21997
622.52002
618.98004
618.22998
606.98999
595.34998
602.54999
594.94
597.62
528.94
538.26001
534.01001
527.28003
531.98999
546.60004
535.35999
532.44
521.03003
506.38
497.57001
493.64999
482.80002
474.88
480.22003
487.01001
493
484.58002
485.01999
500.37003
502.95001
508.37
504.73001
509.51001
516.73004
519.17004
519.03003
521.06006
523.07996
528.06
525.59998
529.02002
520.90002
518.13
519.66998
518.26001
518.38995
524.03003
--END--
